0 0
209 2
418 7
628 15
837 25
1046 38
1255 53
1464 71
1672 91
1880 114
2088 139
2295 167
2502 197
2709 229
2915 263
3121 300
3326 339
3531 380
3735 423
3938 468
4141 515
4343 564
4544 615
4744 668
4944 723
5143 780
5340 839
5537 900
5733 962
5928 1026
6122 1092
6315 1159
6507 1228
6698 1299
6888 1371
7076 1445
7263 1520
7449 1597
7634 1675
7817 1754
7999 1835
8180 1917
8359 2000
8537 2084
8714 2170
8889 2257
9062 2345
9234 2434
9404 2524
9573 2615
9740 2707
9905 2800
10069 2894
10231 2989
10391 3085
10549 3182
10706 3279
10860 3377
11013 3476
11164 3575
11313 3675
11460 3776
11605 3877
11749 3979
11890 4081
12029 4184
12166 4287
12301 4391
12434 4495
12565 4599
12693 4704
12820 4809
12944 4914
13066 5019
13186 5125
13303 5231
13418 5337
13531 5443
13642 5549
13750 5655
13856 5761
13959 5867
14061 5973
14159 6079
14256 6185
14349 6291
14441 6396
14530 6501
14616 6606
14700 6711
14782 6815
14860 6919
14937 7023
15011 7126
15082 7229
15150 7331
15216 7433
15280 7535
15341 7636
15399 7736
15454 7836
15507 7935
15557 8034
15605 8132
15650 8229
15692 8326
15732 8422
15768 8517
15803 8611
15834 8704
15863 8797
15889 8889
15912 8980
15932 9070
15950 9159
15965 9247
15978 9334
15987 9420
15994 9505
15998 9589
15999 9672
15998 9754
15994 9835
15987 9914
15978 9992
15965 10069
15950 10145
15932 10220
15912 10293
15889 10365
15863 10436
15834 10506
15803 10574
15768 10641
15732 10707
15692 10771
15650 10834
15605 10896
15557 10956
15507 11015
15454 11072
15399 11128
15341 11182
15280 11235
15216 11286
15150 11336
15082 11384
15011 11431
14937 11476
14860 11519
14782 11561
14700 11601
14616 11640
14530 11677
14441 11712
14349 11746
14256 11778
14159 11808
14061 11837
13959 11864
13856 11889
13750 11913
13642 11935
13531 11955
13418 11974
13303 11991
13186 12006
13066 12019
12944 12031
12820 12041
12693 12049
12565 12055
12434 12059
12301 12062
12166 12063
12029 12062
11890 12059
11749 12054
11605 12048
11460 12040
11313 12030
11164 12018
11013 12004
10860 11989
10706 11972
10549 11953
10391 11932
10231 11909
10069 11885
9905 11859
9740 11831
9573 11801
9404 11769
9234 11736
9062 11701
8889 11664
8714 11625
8537 11584
8359 11542
8180 11498
8000 11452
7817 11404
7634 11354
7449 11303
7263 11250
7076 11195
6888 11139
6698 11081
6507 11021
6315 10959
6122 10896
5928 10831
5733 10764
5537 10696
5340 10626
5143 10554
4944 10481
4744 10406
4544 10329
4343 10251
4141 10171
3938 10089
3735 10006
3531 9921
3326 9835
3121 9747
2915 9658
2709 9567
2502 9475
2295 9381
2088 9286
1880 9189
1672 9091
1464 8991
1255 8890
1046 8788
837 8684
628 8579
418 8472
209 8364
0 8255
-209 8144
-418 8032
-628 7919
-837 7805
-1046 7689
-1255 7572
-1464 7454
-1672 7335
-1880 7215
-2088 7094
-2295 6971
-2502 6847
-2709 6722
-2915 6596
-3121 6469
-3326 6341
-3531 6212
-3735 6082
-3938 5951
-4141 5819
-4343 5686
-4544 5553
-4744 5419
-4944 5284
-5143 5148
-5340 5011
-5537 4873
-5733 4735
-5928 4596
-6122 4456
-6315 4315
-6507 4174
-6698 4032
-6888 3890
-7076 3747
-7263 3603
-7449 3459
-7634 3314
-7817 3169
-7999 3023
-8180 2877
-8359 2730
-8537 2583
-8714 2436
-8889 2288
-9062 2140
-9234 1992
-9404 1843
-9573 1694
-9740 1545
-9905 1396
-10069 1246
-10231 1096
-10391 946
-10549 796
-10706 646
-10860 496
-11013 346
-11164 196
-11313 46
-11460 -104
-11605 -254
-11749 -404
-11890 -554
-12029 -704
-12166 -854
-12301 -1003
-12434 -1152
-12565 -1301
-12693 -1450
-12820 -1598
-12944 -1746
-13066 -1894
-13186 -2041
-13303 -2188
-13418 -2334
-13531 -2480
-13642 -2626
-13750 -2771
-13856 -2916
-13959 -3060
-14061 -3204
-14159 -3347
-14256 -3489
-14349 -3631
-14441 -3772
-14530 -3912
-14616 -4052
-14700 -4191
-14782 -4329
-14860 -4466
-14937 -4603
-15011 -4739
-15082 -4874
-15150 -5008
-15216 -5141
-15280 -5273
-15341 -5404
-15399 -5534
-15454 -5663
-15507 -5791
-15557 -5918
-15605 -6044
-15650 -6169
-15692 -6293
-15732 -6416
-15768 -6538
-15803 -6659
-15834 -6779
-15863 -6898
-15889 -7015
-15912 -7131
-15932 -7246
-15950 -7360
-15965 -7472
-15978 -7583
-15987 -7693
-15994 -7801
-15998 -7908
-15999 -8014
-15998 -8118
-15994 -8221
-15987 -8322
-15978 -8422
-15965 -8521
-15950 -86