1206
1398
1587
1774
1958
2140
2320
2497
2672
2845
3016
3184
3350
3514
3676
3836
3994
4150
4304
4456
4606
4754
4900
5044
5186
5326
5464
5600
5735
5868
5999
6129
6257
6383
6508
6631
6752
6872
6990
7107
7222
7336
7448
7559
7668
7776
7882
7987
8091
8193
8294
8394
8492
8589
8685
8780
8873
8965
9056
9146
9235
9322
9408
9493
9577
9660
9742
9823
9903
9982
10060
10137
10213
10288
10362
10435
10507
10578
10648
10717
10785
10852
10918
10984
11049
11113
11176
11238
11299
11360
11420
11479
11537
11595
11652
11708
11763
11818
11872
11925
11977
12029
12080
12130
12180
12229
12278
12326
12373
12420
12466
12511
12556
12600
12644
12687
12730
12772
12813
12854
12894
12934
12973
13012
13050
13088
13125
13162
13198
13234
13269
13304
13339
13373
13407
13440
13473
13505
13537
13569
13600
13631
13661
13691
13721
13750
13779
13807
13835
13863
13890
13917
13944
13970
13996
14022
14047
14072
14097
14121
14145
14169
14192
14215
14238
14260
14282
14304
14326
14347
14368
14389
14409
14429
14449
14469
14488
14507
14526
14545
14563
14581
14599
14617
14634
14651
14668
14685
14702
14718
14734
14750
14766
14782
14797
14812
14827
14842
14857
14871
